Dsipm_v5104_T02239_I0035.dat 51.04 22.39 3.5 -5.000 18901.00 1890100.00
Dsipm_v5104_T02239_I0035.dat 51.04 22.39 3.5 -4.900 20894.00 2089400.00
Dsipm_v5104_T02239_I0035.dat 51.04 22.39 3.5 -4.800 23157.00 2315700.00
Dsipm_v5104_T02239_I0035.dat 51.04 22.39 3.5 -4.700 25566.00 2556600.00
Dsipm_v5104_T02239_I0035.dat 51.04 22.39 3.5 -4.600 28293.00 2829300.00
Dsipm_v5104_T02239_I0035.dat 51.04 22.39 3.5 -4.500 31280.00 3128000.00
Dsipm_v5104_T02239_I0035.dat 51.04 22.39 3.5 -4.400 34400.00 3440000.00
Dsipm_v5104_T02239_I0035.dat 51.04 22.39 3.5 -4.300 37791.00 3779100.00
Dsipm_v5104_T02239_I0035.dat 51.04 22.39 3.5 -4.200 41634.00 4163400.00
Dsipm_v5104_T02239_I0035.dat 51.04 22.39 3.5 -4.100 45952.00 4595200.00
Dsipm_v5104_T02239_I0035.dat 51.04 22.39 3.5 -4.000 50516.00 5051600.00
Dsipm_v5104_T02239_I0035.dat 51.04 22.39 3.5 -3.900 55284.00 5528400.00
Dsipm_v5104_T02239_I0035.dat 51.04 22.39 3.5 -3.800 60598.00 6059800.00
Dsipm_v5104_T02239_I0035.dat 51.04 22.39 3.5 -3.700 66437.00 6643700.00
Dsipm_v5104_T02239_I0035.dat 51.04 22.39 3.5 -3.600 72437.00 7243700.00
Dsipm_v5104_T02239_I0035.dat 51.04 22.39 3.5 -3.500 79103.00 7910300.00
Dsipm_v5104_T02239_I0035.dat 51.04 22.39 3.5 -3.400 86147.00 8614700.00
Dsipm_v5104_T02239_I0035.dat 51.04 22.39 3.5 -3.300 93869.00 9386900.00
Dsipm_v5104_T02239_I0035.dat 51.04 22.39 3.5 -3.200 101735.00 10173500.00
Dsipm_v5104_T02239_I0035.dat 51.04 22.39 3.5 -3.100 110267.00 11026700.00
Dsipm_v5104_T02239_I0035.dat 51.04 22.39 3.5 -3.000 119159.00 11915900.00
Dsipm_v5104_T02239_I0035.dat 51.04 22.39 3.5 -2.900 128531.00 12853100.00
Dsipm_v5104_T02239_I0035.dat 51.04 22.39 3.5 -2.800 138205.00 13820500.00
Dsipm_v5104_T02239_I0035.dat 51.04 22.39 3.5 -2.700 148444.00 14844400.00
Dsipm_v5104_T02239_I0035.dat 51.04 22.39 3.5 -2.600 158984.00 15898400.00
Dsipm_v5104_T02239_I0035.dat 51.04 22.39 3.5 -2.500 169750.00 16975000.00
Dsipm_v5104_T02239_I0035.dat 51.04 22.39 3.5 -2.400 180959.00 18095900.00
Dsipm_v5104_T02239_I0035.dat 51.04 22.39 3.5 -2.300 192476.00 19247600.00
Dsipm_v5104_T02239_I0035.dat 51.04 22.39 3.5 -2.200 204254.00 20425400.00
Dsipm_v5104_T02239_I0035.dat 51.04 22.39 3.5 -2.100 216064.00 21606400.00
Dsipm_v5104_T02239_I0035.dat 51.04 22.39 3.5 -2.000 228135.00 22813500.00
Dsipm_v5104_T02239_I0035.dat 51.04 22.39 3.5 -1.900 240449.00 24044900.00
Dsipm_v5104_T02239_I0035.dat 51.04 22.39 3.5 -1.800 252276.00 25227600.00
Dsipm_v5104_T02239_I0035.dat 51.04 22.39 3.5 -1.700 264201.00 26420100.00
Dsipm_v5104_T02239_I0035.dat 51.04 22.39 3.5 -1.600 276104.00 27610400.00
Dsipm_v5104_T02239_I0035.dat 51.04 22.39 3.5 -1.500 287898.00 28789800.00
Dsipm_v5104_T02239_I0035.dat 51.04 22.39 3.5 -1.400 299238.00 29923800.00
Dsipm_v5104_T02239_I0035.dat 51.04 22.39 3.5 -1.300 310166.00 31016600.00
Dsipm_v5104_T02239_I0035.dat 51.04 22.39 3.5 -1.200 320646.00 32064600.00
Dsipm_v5104_T02239_I0035.dat 51.04 22.39 3.5 -1.100 330572.00 33057200.00
Dsipm_v5104_T02239_I0035.dat 51.04 22.39 3.5 -1.000 339835.00 33983500.00
Dsipm_v5104_T02239_I0035.dat 51.04 22.39 3.5 -0.900 348380.00 34838000.00
Dsipm_v5104_T02239_I0035.dat 51.04 22.39 3.5 -0.800 356389.00 35638900.00
Dsipm_v5104_T02239_I0035.dat 51.04 22.39 3.5 -0.700 363762.00 36376200.00
Dsipm_v5104_T02239_I0035.dat 51.04 22.39 3.5 -0.600 370343.00 37034300.00
Dsipm_v5104_T02239_I0035.dat 51.04 22.39 3.5 -0.500 376169.00 37616900.00
Dsipm_v5104_T02239_I0035.dat 51.04 22.39 3.5 -0.400 380795.00 38079500.00
Dsipm_v5104_T02239_I0035.dat 51.04 22.39 3.5 -0.300 384487.00 38448700.00
Dsipm_v5104_T02239_I0035.dat 51.04 22.39 3.5 -0.200 387258.00 38725800.00
Dsipm_v5104_T02239_I0035.dat 51.04 22.39 3.5 -0.100 388603.00 38860300.00
Dsipm_v5104_T02239_I0035.dat 51.04 22.39 3.5 -0.000 389068.00 38906800.00
Dsipm_v5104_T02239_I0035.dat 51.04 22.39 3.5 0.100 388399.00 38839900.00
Dsipm_v5104_T02239_I0035.dat 51.04 22.39 3.5 0.200 386633.00 38663300.00
Dsipm_v5104_T02239_I0035.dat 51.04 22.39 3.5 0.300 383805.00 38380500.00
Dsipm_v5104_T02239_I0035.dat 51.04 22.39 3.5 0.400 379886.00 37988600.00
Dsipm_v5104_T02239_I0035.dat 51.04 22.39 3.5 0.500 375296.00 37529600.00
Dsipm_v5104_T02239_I0035.dat 51.04 22.39 3.5 0.600 369801.00 36980100.00
Dsipm_v5104_T02239_I0035.dat 51.04 22.39 3.5 0.700 363206.00 36320600.00
Dsipm_v5104_T02239_I0035.dat 51.04 22.39 3.5 0.800 355925.00 35592500.00
Dsipm_v5104_T02239_I0035.dat 51.04 22.39 3.5 0.900 347678.00 34767800.00
Dsipm_v5104_T02239_I0035.dat 51.04 22.39 3.5 1.000 338767.00 33876700.00
Dsipm_v5104_T02239_I0035.dat 51.04 22.39 3.5 1.100 329083.00 32908300.00
Dsipm_v5104_T02239_I0035.dat 51.04 22.39 3.5 1.200 318888.00 31888800.00
Dsipm_v5104_T02239_I0035.dat 51.04 22.39 3.5 1.300 308239.00 30823900.00
Dsipm_v5104_T02239_I0035.dat 51.04 22.39 3.5 1.400 297089.00 29708900.00
Dsipm_v5104_T02239_I0035.dat 51.04 22.39 3.5 1.500 285777.00 28577700.00
Dsipm_v5104_T02239_I0035.dat 51.04 22.39 3.5 1.600 273887.00 27388700.00
Dsipm_v5104_T02239_I0035.dat 51.04 22.39 3.5 1.700 261903.00 26190300.00
Dsipm_v5104_T02239_I0035.dat 51.04 22.39 3.5 1.800 249761.00 24976100.00
Dsipm_v5104_T02239_I0035.dat 51.04 22.39 3.5 1.900 237787.00 23778700.00
Dsipm_v5104_T02239_I0035.dat 51.04 22.39 3.5 2.000 226017.00 22601700.00
Dsipm_v5104_T02239_I0035.dat 51.04 22.39 3.5 2.100 214056.00 21405600.00
Dsipm_v5104_T02239_I0035.dat 51.04 22.39 3.5 2.200 202405.00 20240500.00
Dsipm_v5104_T02239_I0035.dat 51.04 22.39 3.5 2.300 190638.00 19063800.00
Dsipm_v5104_T02239_I0035.dat 51.04 22.39 3.5 2.400 179156.00 17915600.00
Dsipm_v5104_T02239_I0035.dat 51.04 22.39 3.5 2.500 168217.00 16821700.00
Dsipm_v5104_T02239_I0035.dat 51.04 22.39 3.5 2.600 157546.00 15754600.00
Dsipm_v5104_T02239_I0035.dat 51.04 22.39 3.5 2.700 147231.00 14723100.00
Dsipm_v5104_T02239_I0035.dat 51.04 22.39 3.5 2.800 137176.00 13717600.00
Dsipm_v5104_T02239_I0035.dat 51.04 22.39 3.5 2.900 127459.00 12745900.00
Dsipm_v5104_T02239_I0035.dat 51.04 22.39 3.5 3.000 118328.00 11832800.00
Dsipm_v5104_T02239_I0035.dat 51.04 22.39 3.5 3.100 109437.00 10943700.00
Dsipm_v5104_T02239_I0035.dat 51.04 22.39 3.5 3.200 101057.00 10105700.00
Dsipm_v5104_T02239_I0035.dat 51.04 22.39 3.5 3.300 93381.00 9338100.00
Dsipm_v5104_T02239_I0035.dat 51.04 22.39 3.5 3.400 85888.00 8588800.00
Dsipm_v5104_T02239_I0035.dat 51.04 22.39 3.5 3.500 78932.00 7893200.00
Dsipm_v5104_T02239_I0035.dat 51.04 22.39 3.5 3.600 72533.00 7253300.00
Dsipm_v5104_T02239_I0035.dat 51.04 22.39 3.5 3.700 66367.00 6636700.00
Dsipm_v5104_T02239_I0035.dat 51.04 22.39 3.5 3.800 60748.00 6074800.00
Dsipm_v5104_T02239_I0035.dat 51.04 22.39 3.5 3.900 55532.00 5553200.00
Dsipm_v5104_T02239_I0035.dat 51.04 22.39 3.5 4.000 50640.00 5064000.00
Dsipm_v5104_T02239_I0035.dat 51.04 22.39 3.5 4.100 46275.00 4627500.00
Dsipm_v5104_T02239_I0035.dat 51.04 22.39 3.5 4.200 42070.00 4207000.00
Dsipm_v5104_T02239_I0035.dat 51.04 22.39 3.5 4.300 38249.00 3824900.00
Dsipm_v5104_T02239_I0035.dat 51.04 22.39 3.5 4.400 34733.00 3473300.00
Dsipm_v5104_T02239_I0035.dat 51.04 22.39 3.5 4.500 31656.00 3165600.00
Dsipm_v5104_T02239_I0035.dat 51.04 22.39 3.5 4.600 28712.00 2871200.00
Dsipm_v5104_T02239_I0035.dat 51.04 22.39 3.5 4.700 26073.00 2607300.00
Dsipm_v5104_T02239_I0035.dat 51.04 22.39 3.5 4.800 23790.00 2379000.00
Dsipm_v5104_T02239_I0035.dat 51.04 22.39 3.5 4.900 21584.00 2158400.00
Dsipm_v5104_T02239_I0035.dat 51.04 22.39 3.5 5.000 19630.00 1963000.00
Dsipm_v5104_T02239_I0035.dat 51.04 22.39 3.5 5.100 17786.00 1778600.00
Dsipm_v5104_T02239_I0035.dat 51.04 22.39 3.5 5.200 16216.00 1621600.00
Dsipm_v5104_T02239_I0035.dat 51.04 22.39 3.5 5.300 14736.00 1473600.00
Dsipm_v5104_T02239_I0035.dat 51.04 22.39 3.5 5.400 13454.00 1345400.00
Dsipm_v5104_T02239_I0035.dat 51.04 22.39 3.5 5.500 12312.00 1231200.00
Dsipm_v5104_T02239_I0035.dat 51.04 22.39 3.5 5.600 11230.00 1123000.00
Dsipm_v5104_T02239_I0035.dat 51.04 22.39 3.5 5.700 10247.00 1024700.00
Dsipm_v5104_T02239_I0035.dat 51.04 22.39 3.5 5.800 9411.00 941100.00
Dsipm_v5104_T02239_I0035.dat 51.04 22.39 3.5 5.900 8561.00 856100.00
Dsipm_v5104_T02239_I0035.dat 51.04 22.39 3.5 6.000 7869.00 786900.00
Dsipm_v5104_T02239_I0035.dat 51.04 22.39 3.5 6.100 7161.00 716100.00
Dsipm_v5104_T02239_I0035.dat 51.04 22.39 3.5 6.200 6534.00 653400.00
Dsipm_v5104_T02239_I0035.dat 51.04 22.39 3.5 6.300 5975.00 597500.00
Dsipm_v5104_T02239_I0035.dat 51.04 22.39 3.5 6.400 5425.00 542500.00
Dsipm_v5104_T02239_I0035.dat 51.04 22.39 3.5 6.500 5008.00 500800.00
Dsipm_v5104_T02239_I0035.dat 51.04 22.39 3.5 6.600 4632.00 463200.00
Dsipm_v5104_T02239_I0035.dat 51.04 22.39 3.5 6.700 4285.00 428500.00
Dsipm_v5104_T02239_I0035.dat 51.04 22.39 3.5 6.800 3942.00 394200.00
Dsipm_v5104_T02239_I0035.dat 51.04 22.39 3.5 6.900 3629.00 362900.00
Dsipm_v5104_T02239_I0035.dat 51.04 22.39 3.5 7.000 3345.00 334500.00
Dsipm_v5104_T02239_I0035.dat 51.04 22.39 3.5 7.100 3107.00 310700.00
Dsipm_v5104_T02239_I0035.dat 51.04 22.39 3.5 7.200 2872.00 287200.00
Dsipm_v5104_T02239_I0035.dat 51.04 22.39 3.5 7.300 2658.00 265800.00
Dsipm_v5104_T02239_I0035.dat 51.04 22.39 3.5 7.400 2445.00 244500.00
Dsipm_v5104_T02239_I0035.dat 51.04 22.39 3.5 7.500 2277.00 227700.00
Dsipm_v5104_T02239_I0035.dat 51.04 22.39 3.5 7.600 2088.00 208800.00
Dsipm_v5104_T02239_I0035.dat 51.04 22.39 3.5 7.700 1932.00 193200.00
Dsipm_v5104_T02239_I0035.dat 51.04 22.39 3.5 7.800 1773.00 177300.00
Dsipm_v5104_T02239_I0035.dat 51.04 22.39 3.5 7.900 1636.00 163600.00
Dsipm_v5104_T02239_I0035.dat 51.04 22.39 3.5 8.000 1523.00 152300.00
Dsipm_v5104_T02239_I0035.dat 51.04 22.39 3.5 8.100 1420.00 142000.00
Dsipm_v5104_T02239_I0035.dat 51.04 22.39 3.5 8.200 1300.00 130000.00
Dsipm_v5104_T02239_I0035.dat 51.04 22.39 3.5 8.300 1205.00 120500.00
Dsipm_v5104_T02239_I0035.dat 51.04 22.39 3.5 8.400 1093.00 109300.00
Dsipm_v5104_T02239_I0035.dat 51.04 22.39 3.5 8.500 1005.00 100500.00
Dsipm_v5104_T02239_I0035.dat 51.04 22.39 3.5 8.600 921.00 92100.00
Dsipm_v5104_T02239_I0035.dat 51.04 22.39 3.5 8.700 845.00 84500.00
Dsipm_v5104_T02239_I0035.dat 51.04 22.39 3.5 8.800 773.00 77300.00
Dsipm_v5104_T02239_I0035.dat 51.04 22.39 3.5 8.900 725.00 72500.00
Dsipm_v5104_T02239_I0035.dat 51.04 22.39 3.5 9.000 669.00 66900.00
Dsipm_v5104_T02239_I0035.dat 51.04 22.39 3.5 9.100 629.00 62900.00
Dsipm_v5104_T02239_I0035.dat 51.04 22.39 3.5 9.200 570.00 57000.00
Dsipm_v5104_T02239_I0035.dat 51.04 22.39 3.5 9.300 513.00 51300.00
Dsipm_v5104_T02239_I0035.dat 51.04 22.39 3.5 9.400 471.00 47100.00
Dsipm_v5104_T02239_I0035.dat 51.04 22.39 3.5 9.500 422.00 42200.00
Dsipm_v5104_T02239_I0035.dat 51.04 22.39 3.5 9.600 363.00 36300.00
Dsipm_v5104_T02239_I0035.dat 51.04 22.39 3.5 9.700 330.00 33000.00
Dsipm_v5104_T02239_I0035.dat 51.04 22.39 3.5 9.800 302.00 30200.00
Dsipm_v5104_T02239_I0035.dat 51.04 22.39 3.5 9.900 272.00 27200.00
Dsipm_v5104_T02239_I0035.dat 51.04 22.39 3.5 10.000 244.00 24400.00
Dsipm_v5104_T02239_I0035.dat 51.04 22.39 3.5 10.100 222.00 22200.00
Dsipm_v5104_T02239_I0035.dat 51.04 22.39 3.5 10.200 197.00 19700.00
Dsipm_v5104_T02239_I0035.dat 51.04 22.39 3.5 10.300 179.00 17900.00
Dsipm_v5104_T02239_I0035.dat 51.04 22.39 3.5 10.400 162.00 16200.00
Dsipm_v5104_T02239_I0035.dat 51.04 22.39 3.5 10.500 149.00 14900.00
Dsipm_v5104_T02239_I0035.dat 51.04 22.39 3.5 10.600 135.00 13500.00
Dsipm_v5104_T02239_I0035.dat 51.04 22.39 3.5 10.700 119.00 11900.00
Dsipm_v5104_T02239_I0035.dat 51.04 22.39 3.5 10.800 108.00 10800.00
Dsipm_v5104_T02239_I0035.dat 51.04 22.39 3.5 10.900 100.00 10000.00
Dsipm_v5104_T02239_I0035.dat 51.04 22.39 3.5 11.000 92.00 9200.00
Dsipm_v5104_T02239_I0035.dat 51.04 22.39 3.5 11.100 84.00 8400.00
Dsipm_v5104_T02239_I0035.dat 51.04 22.39 3.5 11.200 75.00 7500.00
Dsipm_v5104_T02239_I0035.dat 51.04 22.39 3.5 11.300 69.00 6900.00
Dsipm_v5104_T02239_I0035.dat 51.04 22.39 3.5 11.400 59.00 5900.00
Dsipm_v5104_T02239_I0035.dat 51.04 22.39 3.5 11.500 56.00 5600.00
Dsipm_v5104_T02239_I0035.dat 51.04 22.39 3.5 11.600 52.00 5200.00
Dsipm_v5104_T02239_I0035.dat 51.04 22.39 3.5 11.700 46.00 4600.00
Dsipm_v5104_T02239_I0035.dat 51.04 22.39 3.5 11.800 41.00 4100.00
Dsipm_v5104_T02239_I0035.dat 51.04 22.39 3.5 11.900 38.00 3800.00
Dsipm_v5104_T02239_I0035.dat 51.04 22.39 3.5 12.000 35.00 3500.00
Dsipm_v5104_T02239_I0035.dat 51.04 22.39 3.5 12.100 34.00 3400.00
Dsipm_v5104_T02239_I0035.dat 51.04 22.39 3.5 12.200 29.00 2900.00
Dsipm_v5104_T02239_I0035.dat 51.04 22.39 3.5 12.300 25.00 2500.00
Dsipm_v5104_T02239_I0035.dat 51.04 22.39 3.5 12.400 23.00 2300.00
Dsipm_v5104_T02239_I0035.dat 51.04 22.39 3.5 12.500 21.00 2100.00
Dsipm_v5104_T02239_I0035.dat 51.04 22.39 3.5 12.600 18.00 1800.00
Dsipm_v5104_T02239_I0035.dat 51.04 22.39 3.5 12.700 17.00 1700.00
Dsipm_v5104_T02239_I0035.dat 51.04 22.39 3.5 12.800 16.00 1600.00
Dsipm_v5104_T02239_I0035.dat 51.04 22.39 3.5 12.900 15.00 1500.00
Dsipm_v5104_T02239_I0035.dat 51.04 22.39 3.5 13.000 16.00 1600.00
Dsipm_v5104_T02239_I0035.dat 51.04 22.39 3.5 13.100 15.00 1500.00
Dsipm_v5104_T02239_I0035.dat 51.04 22.39 3.5 13.200 14.00 1400.00
Dsipm_v5104_T02239_I0035.dat 51.04 22.39 3.5 13.300 13.00 1300.00
Dsipm_v5104_T02239_I0035.dat 51.04 22.39 3.5 13.400 11.00 1100.00
Dsipm_v5104_T02239_I0035.dat 51.04 22.39 3.5 13.500 8.00 800.00
Dsipm_v5104_T02239_I0035.dat 51.04 22.39 3.5 13.600 7.00 700.00
Dsipm_v5104_T02239_I0035.dat 51.04 22.39 3.5 13.700 6.00 600.00
Dsipm_v5104_T02239_I0035.dat 51.04 22.39 3.5 13.800 5.00 500.00
Dsipm_v5104_T02239_I0035.dat 51.04 22.39 3.5 13.900 5.00 500.00
Dsipm_v5104_T02239_I0035.dat 51.04 22.39 3.5 14.000 5.00 500.00
Dsipm_v5104_T02239_I0035.dat 51.04 22.39 3.5 14.100 5.00 500.00
Dsipm_v5104_T02239_I0035.dat 51.04 22.39 3.5 14.200 5.00 500.00
Dsipm_v5104_T02239_I0035.dat 51.04 22.39 3.5 14.300 5.00 500.00
Dsipm_v5104_T02239_I0035.dat 51.04 22.39 3.5 14.400 5.00 500.00
Dsipm_v5104_T02239_I0035.dat 51.04 22.39 3.5 14.500 5.00 500.00
Dsipm_v5104_T02239_I0035.dat 51.04 22.39 3.5 14.600 5.00 500.00
Dsipm_v5104_T02239_I0035.dat 51.04 22.39 3.5 14.700 5.00 500.00
Dsipm_v5104_T02239_I0035.dat 51.04 22.39 3.5 14.800 5.00 500.00
Dsipm_v5104_T02239_I0035.dat 51.04 22.39 3.5 14.900 5.00 500.00
Dsipm_v5104_T02239_I0035.dat 51.04 22.39 3.5 15.000 3.00 300.00
Dsipm_v5104_T02239_I0035.dat 51.04 22.39 3.5 15.100 3.00 300.00
Dsipm_v5104_T02239_I0035.dat 51.04 22.39 3.5 15.200 2.00 200.00
Dsipm_v5104_T02239_I0035.dat 51.04 22.39 3.5 15.300 2.00 200.00
Dsipm_v5104_T02239_I0035.dat 51.04 22.39 3.5 15.400 2.00 200.00
Dsipm_v5104_T02239_I0035.dat 51.04 22.39 3.5 15.500 2.00 200.00
Dsipm_v5104_T02239_I0035.dat 51.04 22.39 3.5 15.600 2.00 200.00
Dsipm_v5104_T02239_I0035.dat 51.04 22.39 3.5 15.700 1.00 100.00
Dsipm_v5104_T02239_I0035.dat 51.04 22.39 3.5 15.800 1.00 100.00
Dsipm_v5104_T02239_I0035.dat 51.04 22.39 3.5 15.900 0.00 0.00
Dsipm_v5104_T02239_I0035.dat 51.04 22.39 3.5 16.000 0.00 0.00
Dsipm_v5104_T02239_I0035.dat 51.04 22.39 3.5 16.100 0.00 0.00
Dsipm_v5104_T02239_I0035.dat 51.04 22.39 3.5 16.200 0.00 0.00
Dsipm_v5104_T02239_I0035.dat 51.04 22.39 3.5 16.300 1.00 100.00
Dsipm_v5104_T02239_I0035.dat 51.04 22.39 3.5 16.400 1.00 100.00
Dsipm_v5104_T02239_I0035.dat 51.04 22.39 3.5 16.500 1.00 100.00
Dsipm_v5104_T02239_I0035.dat 51.04 22.39 3.5 16.600 1.00 100.00
Dsipm_v5104_T02239_I0035.dat 51.04 22.39 3.5 16.700 1.00 100.00
Dsipm_v5104_T02239_I0035.dat 51.04 22.39 3.5 16.800 1.00 100.00
Dsipm_v5104_T02239_I0035.dat 51.04 22.39 3.5 16.900 2.00 200.00
Dsipm_v5104_T02239_I0035.dat 51.04 22.39 3.5 17.000 2.00 200.00
Dsipm_v5104_T02239_I0035.dat 51.04 22.39 3.5 17.100 2.00 200.00
Dsipm_v5104_T02239_I0035.dat 51.04 22.39 3.5 17.200 2.00 200.00
Dsipm_v5104_T02239_I0035.dat 51.04 22.39 3.5 17.300 2.00 200.00
Dsipm_v5104_T02239_I0035.dat 51.04 22.39 3.5 17.400 2.00 200.00
Dsipm_v5104_T02239_I0035.dat 51.04 22.39 3.5 17.500 2.00 200.00
Dsipm_v5104_T02239_I0035.dat 51.04 22.39 3.5 17.600 2.00 200.00
Dsipm_v5104_T02239_I0035.dat 51.04 22.39 3.5 17.700 2.00 200.00
Dsipm_v5104_T02239_I0035.dat 51.04 22.39 3.5 17.800 2.00 200.00
Dsipm_v5104_T02239_I0035.dat 51.04 22.39 3.5 17.900 2.00 200.00
Dsipm_v5104_T02239_I0035.dat 51.04 22.39 3.5 18.000 2.00 200.00
Dsipm_v5104_T02239_I0035.dat 51.04 22.39 3.5 18.100 2.00 200.00
Dsipm_v5104_T02239_I0035.dat 51.04 22.39 3.5 18.200 2.00 200.00
Dsipm_v5104_T02239_I0035.dat 51.04 22.39 3.5 18.300 2.00 200.00
Dsipm_v5104_T02239_I0035.dat 51.04 22.39 3.5 18.400 2.00 200.00
Dsipm_v5104_T02239_I0035.dat 51.04 22.39 3.5 18.500 2.00 200.00
Dsipm_v5104_T02239_I0035.dat 51.04 22.39 3.5 18.600 2.00 200.00
Dsipm_v5104_T02239_I0035.dat 51.04 22.39 3.5 18.700 2.00 200.00
Dsipm_v5104_T02239_I0035.dat 51.04 22.39 3.5 18.800 2.00 200.00
Dsipm_v5104_T02239_I0035.dat 51.04 22.39 3.5 18.900 2.00 200.00
Dsipm_v5104_T02239_I0035.dat 51.04 22.39 3.5 19.000 1.00 100.00
Dsipm_v5104_T02239_I0035.dat 51.04 22.39 3.5 19.100 1.00 100.00
Dsipm_v5104_T02239_I0035.dat 51.04 22.39 3.5 19.200 1.00 100.00
Dsipm_v5104_T02239_I0035.dat 51.04 22.39 3.5 19.300 1.00 100.00
Dsipm_v5104_T02239_I0035.dat 51.04 22.39 3.5 19.400 1.00 100.00
Dsipm_v5104_T02239_I0035.dat 51.04 22.39 3.5 19.500 1.00 100.00
Dsipm_v5104_T02239_I0035.dat 51.04 22.39 3.5 19.600 1.00 100.00
Dsipm_v5104_T02239_I0035.dat 51.04 22.39 3.5 19.700 1.00 100.00
Dsipm_v5104_T02239_I0035.dat 51.04 22.39 3.5 19.800 0.00 0.00
Dsipm_v5104_T02239_I0035.dat 51.04 22.39 3.5 19.900 0.00 0.00
Dsipm_v5104_T02239_I0035.dat 51.04 22.39 3.5 20.000 0.00 0.00
Dsipm_v5104_T02239_I0035.dat 51.04 22.39 3.5 20.100 0.00 0.00
Dsipm_v5104_T02239_I0035.dat 51.04 22.39 3.5 20.200 0.00 0.00
Dsipm_v5104_T02239_I0035.dat 51.04 22.39 3.5 20.300 0.00 0.00
Dsipm_v5104_T02239_I0035.dat 51.04 22.39 3.5 20.400 0.00 0.00
Dsipm_v5104_T02239_I0035.dat 51.04 22.39 3.5 20.500 0.00 0.00
Dsipm_v5104_T02239_I0035.dat 51.04 22.39 3.5 20.600 0.00 0.00
Dsipm_v5104_T02239_I0035.dat 51.04 22.39 3.5 20.700 0.00 0.00
Dsipm_v5104_T02239_I0035.dat 51.04 22.39 3.5 20.800 0.00 0.00
Dsipm_v5104_T02239_I0035.dat 51.04 22.39 3.5 20.900 0.00 0.00
Dsipm_v5104_T02239_I0035.dat 51.04 22.39 3.5 21.000 0.00 0.00
Dsipm_v5104_T02239_I0035.dat 51.04 22.39 3.5 21.100 0.00 0.00
Dsipm_v5104_T02239_I0035.dat 51.04 22.39 3.5 21.200 0.00 0.00
Dsipm_v5104_T02239_I0035.dat 51.04 22.39 3.5 21.300 0.00 0.00
Dsipm_v5104_T02239_I0035.dat 51.04 22.39 3.5 21.400 0.00 0.00
Dsipm_v5104_T02239_I0035.dat 51.04 22.39 3.5 21.500 0.00 0.00
Dsipm_v5104_T02239_I0035.dat 51.04 22.39 3.5 21.600 0.00 0.00
Dsipm_v5104_T02239_I0035.dat 51.04 22.39 3.5 21.700 0.00 0.00
Dsipm_v5104_T02239_I0035.dat 51.04 22.39 3.5 21.800 0.00 0.00
Dsipm_v5104_T02239_I0035.dat 51.04 22.39 3.5 21.900 0.00 0.00
Dsipm_v5104_T02239_I0035.dat 51.04 22.39 3.5 22.000 0.00 0.00
Dsipm_v5104_T02239_I0035.dat 51.04 22.39 3.5 22.100 0.00 0.00
Dsipm_v5104_T02239_I0035.dat 51.04 22.39 3.5 22.200 0.00 0.00
Dsipm_v5104_T02239_I0035.dat 51.04 22.39 3.5 22.300 0.00 0.00
Dsipm_v5104_T02239_I0035.dat 51.04 22.39 3.5 22.400 0.00 0.00
Dsipm_v5104_T02239_I0035.dat 51.04 22.39 3.5 22.500 0.00 0.00
Dsipm_v5104_T02239_I0035.dat 51.04 22.39 3.5 22.600 0.00 0.00
Dsipm_v5104_T02239_I0035.dat 51.04 22.39 3.5 22.700 0.00 0.00
Dsipm_v5104_T02239_I0035.dat 51.04 22.39 3.5 22.800 0.00 0.00
Dsipm_v5104_T02239_I0035.dat 51.04 22.39 3.5 22.900 0.00 0.00
Dsipm_v5104_T02239_I0035.dat 51.04 22.39 3.5 23.000 0.00 0.00
Dsipm_v5104_T02239_I0035.dat 51.04 22.39 3.5 23.100 0.00 0.00
Dsipm_v5104_T02239_I0035.dat 51.04 22.39 3.5 23.200 0.00 0.00
Dsipm_v5104_T02239_I0035.dat 51.04 22.39 3.5 23.300 0.00 0.00
Dsipm_v5104_T02239_I0035.dat 51.04 22.39 3.5 23.400 0.00 0.00
Dsipm_v5104_T02239_I0035.dat 51.04 22.39 3.5 23.500 0.00 0.00
Dsipm_v5104_T02239_I0035.dat 51.04 22.39 3.5 23.600 0.00 0.00
Dsipm_v5104_T02239_I0035.dat 51.04 22.39 3.5 23.700 0.00 0.00
Dsipm_v5104_T02239_I0035.dat 51.04 22.39 3.5 23.800 0.00 0.00
Dsipm_v5104_T02239_I0035.dat 51.04 22.39 3.5 23.900 0.00 0.00
Dsipm_v5104_T02239_I0035.dat 51.04 22.39 3.5 24.000 0.00 0.00
Dsipm_v5104_T02239_I0035.dat 51.04 22.39 3.5 24.100 0.00 0.00
Dsipm_v5104_T02239_I0035.dat 51.04 22.39 3.5 24.200 0.00 0.00
Dsipm_v5104_T02239_I0035.dat 51.04 22.39 3.5 24.300 0.00 0.00
Dsipm_v5104_T02239_I0035.dat 51.04 22.39 3.5 24.400 0.00 0.00
Dsipm_v5104_T02239_I0035.dat 51.04 22.39 3.5 24.500 0.00 0.00
Dsipm_v5104_T02239_I0035.dat 51.04 22.39 3.5 24.600 0.00 0.00
Dsipm_v5104_T02239_I0035.dat 51.04 22.39 3.5 24.700 0.00 0.00
Dsipm_v5104_T02239_I0035.dat 51.04 22.39 3.5 24.800 0.00 0.00
Dsipm_v5104_T02239_I0035.dat 51.04 22.39 3.5 24.900 0.00 0.00
